30 83 53 23 3457 2522
48 82 93 30 8442 10557
44 13 24 50 2341 12226
99 22 55 80 7095 6585
49 28 13 57 4561 11243
34 19 12 26 435 250
47 19 96 11 5171 7809
41 25 26 51 15318 12120
75 39 19 42 5121 1747
24 64 43 25 7736 5073
54 95 99 17 13421 11246
12 67 47 31 4477 10631
20 45 42 25 15160 17864
19 38 30 15 14332 12875
45 46 81 12 2219 8135
23 63 58 13 8206 16696
63 16 50 48 4381 6054
14 81 73 20 7349 2510
73 15 75 87 3006 8028
68 28 17 77 5728 3612
17 28 92 12 1649 1808
15 77 34 56 2052 16352
43 26 13 31 3798 1773
46 16 11 30 4354 9401
42 73 97 19 3856 6512
69 15 20 53 11702 7284
53 27 12 54 15330 16034
50 18 14 36 16616 3170
58 31 17 46 3992 4197
86 27 19 29 4626 1667
21 63 56 35 1428 1946
82 39 46 96 5749 7450
14 74 60 21 10194 19178
89 53 80 11 4306 3724
30 96 97 59 8490 6082
57 22 14 50 3485 8690
61 17 38 39 1363 17185
59 29 17 63 8420 12284
11 47 27 35 14723 4967
44 37 20 65 14633 15285
91 34 17 50 5769 4395
47 22 14 65 17994 7827
32 27 64 11 17241 7817
21 14 18 63 1288 4572
86 11 44 49 18047 17733
43 82 99 42 7481 9297
39 76 68 37 3134 2408
90 38 23 40 5268 4254
61 18 19 70 1755 4861
31 45 70 14 16388 6444
17 94 52 82 5699 5306
85 12 30 67 8775 14385
68 21 44 72 6816 8616
13 55 82 14 6198 9132
95 41 40 78 4673 5794
73 31 12 82 6721 8180
93 43 34 85 9341 8126
94 31 72 78 7143 5634
45 18 20 39 10628 1994
15 43 40 21 6780 17190
21 59 63 14 5143 4519
57 44 11 95 5617 6188
70 30 18 62 2120 1848
60 18 23 41 500 9002
28 84 87 13 6020 2585
28 84 64 53 6244 7878
89 67 17 91 10354 4402
59 28 28 63 14323 14046
47 85 42 11 2117 1567
14 66 66 19 3296 14714
35 15 35 62 2695 4998
85 91 81 14 12689 5620
53 11 23 30 3471 15279
72 19 15 65 15964 6225
59 14 42 31 11945 7202
35 34 49 11 3605 17723
18 90 41 58 4464 3847
11 72 69 24 1631 9329
15 58 56 27 5778 15709
59 11 18 41 5050 1655
12 65 55 12 5219 15812
15 64 66 20 9440 4976
75 19 60 56 3877 5468
69 31 26 58 4008 2344
32 35 49 16 18624 2377
24 44 61 15 18716 12216
22 31 14 99 2111 2691
85 23 38 42 3807 4842
94 58 21 83 11592 6372
80 72 25 90 11272 6965
15 56 66 15 3020 15701
54 31 19 74 18505 3156
53 98 58 20 12117 6106
73 18 27 53 4995 7502
51 48 92 24 5313 8708
77 15 39 37 2120 1456
51 35 14 75 2947 13748
65 18 58 88 2527 7938
18 75 65 29 6096 6536
69 32 11 49 921 937
31 16 14 36 12402 3752
16 79 55 35 16357 10790
17 51 79 11 2522 15780
96 11 53 79 2765 2037
13 55 35 16 15677 7185
69 11 21 31 13547 12335
62 24 33 54 19048 19724
50 46 26 75 3206 2229
59 13 18 38 12291 15210
69 64 25 91 4336 2656
11 87 75 33 6088 7338
44 18 27 43 8784 11197
24 43 42 15 2897 16025
29 17 22 92 3923 8276
92 16 19 49 8208 2015
70 80 11 97 5080 4091
64 46 14 60 8112 5370
69 96 90 20 12678 6120
15 26 40 12 11312 2164
93 72 17 69 9810 4641
45 96 64 42 3663 4926
13 54 48 29 16985 7860
42 23 13 42 13359 18121
19 48 47 27 3839 1802
47 91 41 11 7256 3526
23 21 11 52 18260 5745
36 27 21 86 3420 6210
34 15 13 93 1090 4780
79 14 74 53 7146 9047
14 69 55 34 19724 11485
96 82 25 90 9474 6380
54 26 18 51 13600 4676
20 78 91 58 2690 4817
74 32 17 38 3744 1044
12 47 27 20 11144 18230
51 48 25 99 4710 6988
14 70 41 44 5520 10029
92 13 15 28 5044 1340
24 55 52 24 3454 1964
78 16 25 72 12718 6761
74 21 34 62 18700 14050
30 75 60 32 7680 4976
27 31 12 73 2279 3974
18 37 73 29 3052 6809
51 86 92 13 10073 4810
73 23 39 56 9456 11104
12 42 27 18 12344 10214
18 78 81 71 1866 6997
18 72 55 23 2250 1556
39 59 80 17 1583 11801
88 14 13 31 6900 2003
52 65 15 99 5161 5100
43 24 18 59 6996 4216
12 89 45 46 1788 3252
58 13 13 30 7634 1040
56 20 37 41 5824 16583
22 97 75 75 5634 5400
14 69 52 33 8994 6580
23 89 25 15 962 310
71 38 31 66 2683 4383
12 82 56 26 9342 1066
92 18 54 94 3494 6306
72 11 12 63 18134 1166
14 29 33 15 3054 3701
75 14 33 43 10584 1723
17 93 58 39 4310 5521
11 62 41 17 6413 5063
84 63 26 87 12873 10667
55 60 16 98 7585 6556
40 62 15 76 7676 6993
17 44 48 12 4442 4940
52 23 26 36 18641 19070
76 11 23 49 7585 18903
21 87 50 42 6072 3888
92 14 75 75 4490 8175
38 91 92 29 6685 6045
78 32 32 45 9476 6023
88 58 25 82 6636 4113
17 33 35 16 8497 13145
62 15 19 62 7008 7656
20 64 41 27 10788 7175
53 14 20 51 3313 294
11 63 51 21 5928 2544
82 12 25 58 1356 13090
21 73 36 17 2470 2504
22 27 11 87 2789 6172
29 29 87 18 3654 4269
12 59 39 28 9823 5016
26 66 48 36 3612 2376
81 27 49 76 3159 2627
75 11 50 28 496 14908
20 25 92 17 3415 8751
12 77 79 48 6910 6024
58 33 23 94 6765 5191
82 16 30 66 8750 13526
18 81 97 40 2610 5342
56 18 31 33 15854 3584
18 79 75 54 5979 4275
15 68 43 12 8745 11629
42 97 48 31 6191 2843
83 15 52 49 6363 6323
16 75 57 22 1047 7798
61 11 13 64 5183 6222
15 30 41 14 15785 13791
12 75 97 22 2541 2428
11 74 50 27 7792 3070
30 95 67 39 6235 3708
32 19 11 45 18406 8177
79 20 29 83 4987 4857
45 14 18 45 16507 4184
16 90 82 22 8376 6030
46 61 15 77 2174 1280
19 93 55 50 9312 6350
17 63 79 65 5862 6970
31 54 83 12 14576 5378
88 17 54 95 1771 2017
26 69 86 12 14373 13266
65 86 96 11 7587 8073
51 12 36 97 2241 7956
52 25 15 58 15713 4698
13 45 34 32 15474 19026
74 11 30 24 6123 2580
11 76 56 69 1697 6096
67 20 52 73 3230 6013
17 71 77 13 16933 6943
81 29 11 29 6822 1152
68 13 28 31 801 18587
16 89 58 18 2508 5436
12 55 31 15 3103 18364
34 44 89 33 6642 11141
44 29 61 11 9381 18594
82 20 32 90 7492 4732
30 39 13 68 2618 12606
77 20 14 79 12763 9703
84 45 15 48 2682 2637
46 37 11 62 4774 3374
28 69 90 42 5075 4986
58 68 77 13 11488 7601
59 40 16 45 7255 3880
43 50 80 13 15185 9080
90 24 44 39 3108 1983
21 57 48 26 12572 2756
22 75 71 23 13814 6179
11 31 51 21 1287 1917
74 77 12 77 10944 7968
46 47 27 88 7855 9504
44 15 19 53 9301 13143
46 43 12 47 4552 1760
17 68 78 64 8177 13462
51 96 83 11 3612 1957
21 90 69 16 5028 3374
31 66 61 26 6720 6160
26 37 52 21 13191 9105
16 40 50 33 4272 5990
66 12 19 71 16502 11026
30 28 76 13 3082 2362
42 21 21 51 13724 10367
22 44 92 28 2134 3464
28 51 52 14 2024 14856
25 54 66 22 12836 15962
23 47 70 16 7650 2830
18 72 66 19 1196 3397
29 36 15 61 9465 15953
51 48 15 81 4248 6600
64 11 29 39 6295 2340
68 15 47 33 18136 961
92 87 94 17 9292 2880
62 11 25 25 19491 6700
75 92 94 31 13142 10064
34 28 18 62 1036 1492
11 25 38 16 5213 3818
15 69 47 17 16763 18079
41 18 22 35 17705 13969
68 14 43 32 12198 19404
79 44 48 81 7347 8751
43 42 84 25 6289 8007
30 29 12 67 908 1582
11 46 50 22 17910 5982
28 99 80 45 9426 9330
73 21 19 76 10297 17714
49 11 21 32 15269 14303
50 26 27 58 2826 10468
74 21 19 68 10664 1843
87 24 64 68 3699 3728
82 83 75 18 15921 9060
61 44 89 16 7025 7165
65 14 12 79 9924 15125
47 11 17 50 2510 1271
13 78 48 24 7514 6360
33 27 15 44 12251 1519
48 29 12 80 3561 13392
55 11 17 42 396 933
37 49 74 11 16070 17579
88 30 65 92 8824 9032
26 54 60 18 2530 1254
57 38 84 14 11520 3210
45 16 19 52 671 11161
13 93 75 12 9072 5130
44 13 12 26 19008 11828
14 64 33 47 13826 2890
68 22 23 61 19608 4101
54 23 28 49 2428 3780
71 21 30 49 6965 3906
50 76 94 46 10720 10950
46 24 11 55 6506 5940
33 64 81 22 7202 4844
42 86 83 40 11738 10981
94 13 61 36 1997 1544
41 73 50 15 7911 4910
78 14 20 64 6564 4216
15 35 44 22 2630 7360
17 60 95 71 3272 9563
23 44 77 12 3902 8834
32 42 68 13 17370 11105
17 54 73 17 11630 7982
15 64 87 26 2356 1928
67 17 19 81 3736 6392
59 25 17 35 3982 2426
22 61 58 30 957 15354
89 39 38 84 9885 10686
